0.0032
0.0070
0.0068
0.0045
0.0140
0.0143
0.0092
0.0742
0.0033
0.0342
0.0153
0.0143
0.0170
0.0168
0.0102
0.0125
0.0568
0.0235
0.0073
0.0109
0.0518
0.0817
0.0789
0.0521
0.0530
0.1839
0.0157
0.0492
0.0516
0.0990
0.1820
0.1753
0.0405
0.0322
0.3176
0.0726
0.0410
0.4515
0.0131
0.3600
0.0236
0.7836
0.1749
0.0369
0.0283
0.6694
0.2327
0.4225
0.0742
0.3989
0.0745
0.1657
0.0433
0.0175
0.0081
0.0502
0.0046
0.0517
0.0151
0.1316
0.0578
0.0656
0.0631
0.0125
0.0050
0.0180
0.1200
0.0055
0.1245
0.4859
0.0318
0.0795
0.0348
0.0109
0.0298
0.0155
0.9226
0.9020
0.0095
0.3477
0.1767
0.0146
0.0099
0.0157
0.0092
0.7309
0.0124
0.0092
0.0099
0.0060
0.0122
0.0545
0.0092
0.0143
0.0631
0.0303
0.1960
0.0075
0.2054
0.0050
0.9573
0.9518
0.8173
0.0800
0.8386
0.9671
0.9325
0.9477
0.7742
0.7832
0.8995
0.8749
0.9311
0.3357
0.9338
0.8789
0.9243
0.9233
0.9032
0.9457
0.9443
0.8996
0.9157
0.9676
0.9451
0.9544
0.8596
0.9032
0.6908
0.9485
0.9107
0.9281
0.8971
0.9654
0.9588
0.8789
0.9101
0.2043
0.8915
0.6819
0.5920
0.6004
0.9001
0.9549
0.9508
0.9094
0.8831
0.2862
0.7398
0.9258
0.8883
0.8831
0.8831
0.8831
0.7875
0.8668
0.8831
0.8808
0.8914
0.9333
0.9333
0.4987
0.7387
0.9262
0.9422
0.9191
0.8013
0.2619
0.9015
0.6505
0.8890
0.7113
0.6864
0.9128
0.8851
0.8134
0.9475
0.8998
0.9519
0.8055
0.8345
0.9274
0.2292
0.9562
0.8964
0.4956
0.9183
0.9549
0.9298
0.8599
0.4357
0.8919
0.3698
0.8718
0.7559
0.5017
0.8368
0.8831
0.0153
0.5117
